417361  [  -24  0  0  0  0  0  0  0  -27  0  0  0  0  0  0  0  ]
417362  [  -31  0  0  0  0  0  0  0  -35  0  0  0  0  0  0  0  ]
417363  [  -37  0  0  0  0  0  0  0  -35  0  0  0  0  0  0  0  ]
417364  [  -34  0  0  0  0  0  0  0  -32  0  0  0  0  0  0  0  ]
417365  [  -32  0  0  0  0  0  0  0  -33  0  0  0  0  0  0  0  ]
417366  [  -31  0  0  0  0  0  0  0  -32  0  0  0  0  0  0  0  ]
417367  [  -31  0  0  0  0  0  0  0  -31  0  0  0  0  0  0  0  ]
417368  [  -29  0  0  0  0  0  0  0  -27  0  0  0  0  0  0  0  ]
417369  [  -27  0  0  0  0  0  0  0  -29  0  0  0  0  0  0  0  ]
417370  [  -29  0  0  0  0  0  0  0  -32  0  0  0  0  0  0  0  ]
417371  [  -37  0  0  0  0  0  0  0  -38  0  0  0  0  0  0  0  ]
417372  [  -37  0  0  0  0  0  0  0  -38  0  0  0  0  0  0  0  ]
417373  [  -37  0  0  0  0  0  0  0  -36  0  0  0  0  0  0  0  ]
417374  [  -36  0  0  0  0  0  0  0  -33  0  0  0  0  0  0  0  ]
417375  [  -33  0  0  0  0  0  0  0  -33  0  0  0  0  0  0  0  ]
417376  [  -32  0  0  0  0  0  0  0  -30  0  0  0  0  0  0  0  ]
417377  [  -30  0  0  0  0  0  0  0  -28  0  0  0  0  0  0  0  ]
417378  [  -28  0  0  0  0  0  0  0  -29  0  0  0  0  0  0  0  ]
417379  [  -33  0  0  0  0  0  0  0  -36  0  0  0  0  0  0  0  ]
417380  [  -35  0  0  0  0  0  0  0  -34  0  0  0  0  0  0  0  ]
417381  [  -36  0  0  0  0  0  0  0  -37  0  0  0  0  0  0  0  ]
417382  [  -36  0  0  0  0  0  0  0  -39  0  0  0  0  0  0  0  ]
417383  [  -35  0  0  0  0  0  0  0  -36  0  0  0  0  0  0  0  ]
417384  [  -34  0  0  0  0  0  0  0  -31  0  0  0  0  0  0  0  ]
417385  [  -29  0  0  0  0  0  0  0  -29  0  0  0  0  0  0  0  ]
417386  [  -28  0  0  0  0  0  0  0  -26  0  0  0  0  0  0  0  ]
417387  [  -29  0  0  0  0  0  0  0  -36  0  0  0  0  0  0  0  ]
417388  [  -36  0  0  0  0  0  0  0  -31  0  0  0  0  0  0  0  ]
417389  [  -32  0  0  0  0  0  0  0  -31  0  0  0  0  0  0  0  ]
417390  [  -28  0  0  0  0  0  0  0  -29  0  0  0  0  0  0  0  ]
417391  [  -28  0  0  0  0  0  0  0  -25  0  0  0  0  0  0  0  ]
417392  [  -26  0  0  0  0  0  0  0  -27  0  0  0  0  0  0  0  ]
417393  [  -28  0  0  0  0  0  0  0  -33  0  0  0  0  0  0  0  ]
417394  [  -32  0  0  0  0  0  0  0  -30  0  0  0  0  0  0  0  ]
417395  [  -27  0  0  0  0  0  0  0  -31  0  0  0  0  0  0  0  ]
417396  [  -36  0  0  0  0  0  0  0  -29  0  0  0  0  0  0  0  ]
417397  [  -22  0  0  0  0  0  0  0  -22  0  0  0  0  0  0  0  ]
417398  [  -22  0  0  0  0  0  0  0  -22  0  0  0  0  0  0  0  ]
417399  [  -25  0  0  0  0  0  0  0  -25  0  0  0  0  0  0  0  ]
417400  [  -24  0  0  0  0  0  0  0  -20  0  0  0  0  0  0  0  ]
417401  [  -19  0  0  0  0  0  0  0  -23  0  0  0  0  0  0  0  ]
417402  [  -34  0  0  0  0  0  0  0  -36  0  0  0  0  0  0  0  ]
417403  [  -34  0  0  0  0  0  0  0  -27  0  0  0  0  0  0  0  ]
417404  [  -30  0  0  0  0  0  0  0  -36  0  0  0  0  0  0  0  ]
417405  [  -21  0  0  0  0  0  0  0  -6  0  0  0  0  0  0  0  ]
417406  [  -5  0  0  0  0  0  0  0  -5  0  0  0  0  0  0  0  ]
417407  [  -2  0  0  0  0  0  0  0  -6  0  0  0  0  0  0  0  ]
417408  [  -6  0  0  0  0  0  0  0  -9  0  0  0  0  0  0  0  ]
417409  [  -8  0  0  0  0  0  0  0  -11  0  0  0  0  0  0  0  ]
417410  [  -20  0  0  0  0  0  0  0  -32  0  0  0  0  0  0  0  ]
417411  [  -36  0  0  0  0  0  0  0  -34  0  0  0  0  0  0  0  ]
417412  [  -31  0  0  0  0  0  0  0  -30  0  0  0  0  0  0  0  ]
417413  [  -39  0  0  0  0  0  0  0  -19  0  0  0  0  0  0  0  ]
417414  [  7  0  0  0  0  0  0  0  14  0  0  0  0  0  0  0  ]
417415  [  18  0  0  0  0  0  0  0  22  0  0  0  0  0  0  0  ]
417416  [  21  0  0  0  0  0  0  0  19  0  0  0  0  0  0  0  ]
417417  [  10  0  0  0  0  0  0  0  9  0  0  0  0  0  0  0  ]
417418  [  4  0  0  0  0  0  0  0  -14  0  0  0  0  0  0  0  ]
417419  [  -29  0  0  0  0  0  0  0  -35  0  0  0  0  0  0  0  ]
417420  [  -35  0  0  0  0  0  0  0  -34  0  0  0  0  0  0  0  ]
417421  [  -34  0  0  0  0  0  0  0  -37  0  0  0  0  0  0  0  ]
417422  [  -19  0  0  0  0  0  0  0  9  0  0  0  0  0  0  0  ]
417423  [  21  0  0  0  0  0  0  0  26  0  0  0  0  0  0  0  ]
417424  [  31  0  0  0  0  0  0  0  30  0  0  0  0  0  0  0  ]
417425  [  30  0  0  0  0  0  0  0  21  0  0  0  0  0  0  0  ]
417426  [  16  0  0  0  0  0  0  0  5  0  0  0  0  0  0  0  ]
417427  [  -15  0  0  0  0  0  0  0  -31  0  0  0  0  0  0  0  ]
417428  [  -35  0  0  0  0  0  0  0  -35  0  0  0  0  0  0  0  ]
417429  [  -34  0  0  0  0  0  0  0  -34  0  0  0  0  0  0  0  ]
417430  [  -38  0  0  0  0  0  0  0  -18  0  0  0  0  0  0  0  ]
417431  [  11  0  0  0  0  0  0  0  24  0  0  0  0  0  0  0  ]
417432  [  27  0  0  0  0  0  0  0  34  0  0  0  0  0  0  0  ]
417433  [  37  0  0  0  0  0  0  0  35  0  0  0  0  0  0  0  ]
417434  [  22  0  0  0  0  0  0  0  15  0  0  0  0  0  0  0  ]
417435  [  8  0  0  0  0  0  0  0  -14  0  0  0  0  0  0  0  ]
417436  [  -29  0  0  0  0  0  0  0  -33  0  0  0  0  0  0  0  ]
417437  [  -36  0  0  0  0  0  0  0  -38  0  0  0  0  0  0  0  ]
417438  [  -35  0  0  0  0  0  0  0  -35  0  0  0  0  0  0  0  ]
417439  [  -20  0  0  0  0  0  0  0  8  0  0  0  0  0  0  0  ]
417440  [  23  0  0  0  0  0  0  0  28  0  0  0  0  0  0  0  ]
417441  [  33  0  0  0  0  0  0  0  34  0  0  0  0  0  0  0  ]
417442  [  29  0  0  0  0  0  0  0  21  0  0  0  0  0  0  0  ]
417443  [  15  0  0  0  0  0  0  0  6  0  0  0  0  0  0  0  ]
417444  [  -13  0  0  0  0  0  0  0  -29  0  0  0  0  0  0  0  ]
417445  [  -36  0  0  0  0  0  0  0  -38  0  0  0  0  0  0  0  ]
417446  [  -43  0  0  0  0  0  0  0  -37  0  0  0  0  0  0  0  ]
417447  [  -34  0  0  0  0  0  0  0  -20  0  0  0  0  0  0  0  ]
417448  [  6  0  0  0  0  0  0  0  20  0  0  0  0  0  0  0  ]
417449  [  22  0  0  0  0  0  0  0  25  0  0  0  0  0  0  0  ]
417450  [  26  0  0  0  0  0  0  0  23  0  0  0  0  0  0  0  ]
417451  [  19  0  0  0  0  0  0  0  11  0  0  0  0  0  0  0  ]
417452  [  3  0  0  0  0  0  0  0  -11  0  0  0  0  0  0  0  ]
417453  [  -26  0  0  0  0  0  0  0  -33  0  0  0  0  0  0  0  ]
417454  [  -37  0  0  0  0  0  0  0  -44  0  0  0  0  0  0  0  ]
417455  [  -40  0  0  0  0  0  0  0  -31  0  0  0  0  0  0  0  ]
417456  [  -17  0  0  0  0  0  0  0  4  0  0  0  0  0  0  0  ]
417457  [  12  0  0  0  0  0  0  0  8  0  0  0  0  0  0  0  ]
417458  [  8  0  0  0  0  0  0  0  7  0  0  0  0  0  0  0  ]
417459  [  8  0  0  0  0  0  0  0  4  0  0  0  0  0  0  0  ]
417460  [  1  0  0  0  0  0  0  0  -1  0  0  0  0  0  0  0  ]
417461  [  -11  0  0  0  0  0  0  0  -26  0  0  0  0  0  0  0  ]
417462  [  -34  0  0  0  0  0  0  0  -34  0  0  0  0  0  0  0  ]
417463  [  -38  0  0  0  0  0  0  0  -39  0  0  0  0  0  0  0  ]
417464  [  -30  0  0  0  0  0  0  0  -18  0  0  0  0  0  0  0  ]
417465  [  -6  0  0  0  0  0  0  0  -8  0  0  0  0  0  0  0  ]
417466  [  -11  0  0  0  0  0  0  0  -11  0  0  0  0  0  0  0  ]
417467  [  -11  0  0  0  0  0  0  0  -11  0  0  0  0  0  0  0  ]
417468  [  -13  0  0  0  0  0  0  0  -12  0  0  0  0  0  0  0  ]
417469  [  -12  0  0  0  0  0  0  0  -16  0  0  0  0  0  0  0  ]
417470  [  -25  0  0  0  0  0  0  0  -29  0  0  0  0  0  0  0  ]
417471  [  -29  0  0  0  0  0  0  0  -32  0  0  0  0  0  0  0  ]
417472  [  -36  0  0  0  0  0  0  0  -34  0  0  0  0  0  0  0  ]
417473  [  -25  0  0  0  0  0  0  0  -20  0  0  0  0  0  0  0  ]
417474  [  -22  0  0  0  0  0  0  0  -22  0  0  0  0  0  0  0  ]
417475  [  -23  0  0  0  0  0  0  0  -24  0  0  0  0  0  0  0  ]
417476  [  -24  0  0  0  0  0  0  0  -23  0  0  0  0  0  0  0  ]
417477  [  -22  0  0  0  0  0  0  0  -20  0  0  0  0  0  0  0  ]
417478  [  -20  0  0  0  0  0  0  0  -25  0  0  0  0  0  0  0  ]
417479  [  -26  0  0  0  0  0  0  0  -26  0  0  0  0  0  0  0  ]
417480  [  -33  0  0  0  0  0  0  0  -35  0  0  0  0  0  0  0  ]
417481  [  -40  0  0  0  0  0  0  0  -40  0  0  0  0  0  0  0  ]
417482  [  -38  0  0  0  0  0  0  0  -40  0  0  0  0  0  0  0  ]
417483  [  -42  0  0  0  0  0  0  0  -43  0  0  0  0  0  0  0  ]
417484  [  -43  0  0  0  0  0  0  0  -39  0  0  0  0  0  0  0  ]
417485  [  -34  0  0  0  0  0  0  0  -29  0  0  0  0  0  0  0  ]
417486  [  -26  0  0  0  0  0  0  0  -25  0  0  0  0  0  0  0  ]
417487  [  -24  0  0  0  0  0  0  0  -22  0  0  0  0  0  0  0  ]
417488  [  -21  0  0  0  0  0  0  0  -28  0  0  0  0  0  0  0  ]
417489  [  -32  0  0  0  0  0  0  0  -37  0  0  0  0  0  0  0  ]
417490  [  -44  0  0  0  0  0  0  0  -45  0  0  0  0  0  0  0  ]
417491  [  -47  0  0  0  0  0  0  0  -50  0  0  0  0  0  0  0  ]
417492  [  -50  0  0  0  0  0  0  0  -46  0  0  0  0  0  0  0  ]
417493  [  -43  0  0  0  0  0  0  0  -38  0  0  0  0  0  0  0  ]
417494  [  -35  0  0  0  0  0  0  0  -31  0  0  0  0  0  0  0  ]
417495  [  -30  0  0  0  0  0  0  0  -28  0  0  0  0  0  0  0  ]
417496  [  -25  0  0  0  0  0  0  0  -25  0  0  0  0  0  0  0  ]
417497  [  -26  0  0  0  0  0  0  0  -30  0  0  0  0  0  0  0  ]
417498  [  -33  0  0  0  0  0  0  0  -39  0  0  0  0  0  0  0  ]
417499  [  -41  0  0  0  0  0  0  0  -43  0  0  0  0  0  0  0  ]
417500  [  -44  0  0  0  0  0  0  0  -45  0  0  0  0  0  0  0  ]
417501  [  -43  0  0  0  0  0  0  0  -40  0  0  0  0  0  0  0  ]
417502  [  -37  0  0  0  0  0  0  0  -35  0  0  0  0  0  0  0  ]
417503  [  -32  0  0  0  0  0  0  0  -31  0  0  0  0  0  0  0  ]
417504  [  -30  0  0  0  0  0  0  0  -28  0  0  0  0  0  0  0  ]
417505  [  -27  0  0  0  0  0  0  0  ]
