417506  [  -22  0  0  0  0  0  0  0  -16  0  0  0  0  0  0  0  ]
417507  [  -14  0  0  0  0  0  0  0  -13  0  0  0  0  0  0  0  ]
417508  [  -14  0  0  0  0  0  0  0  -15  0  0  0  0  0  0  0  ]
417509  [  -15  0  0  0  0  0  0  0  -17  0  0  0  0  0  0  0  ]
417510  [  -18  0  0  0  0  0  0  0  -18  0  0  0  0  0  0  0  ]
417511  [  -19  0  0  0  0  0  0  0  -16  0  0  0  0  0  0  0  ]
417512  [  -16  0  0  0  0  0  0  0  -16  0  0  0  0  0  0  0  ]
417513  [  -16  0  0  0  0  0  0  0  -17  0  0  0  0  0  0  0  ]
417514  [  -17  0  0  0  0  0  0  0  -23  0  0  0  0  0  0  0  ]
417515  [  -15  0  0  0  0  0  0  0  -13  0  0  0  0  0  0  0  ]
417516  [  -14  0  0  0  0  0  0  0  -15  0  0  0  0  0  0  0  ]
417517  [  -15  0  0  0  0  0  0  0  -15  0  0  0  0  0  0  0  ]
417518  [  -17  0  0  0  0  0  0  0  -18  0  0  0  0  0  0  0  ]
417519  [  -20  0  0  0  0  0  0  0  -19  0  0  0  0  0  0  0  ]
417520  [  -17  0  0  0  0  0  0  0  -18  0  0  0  0  0  0  0  ]
417521  [  -17  0  0  0  0  0  0  0  -16  0  0  0  0  0  0  0  ]
417522  [  -17  0  0  0  0  0  0  0  -16  0  0  0  0  0  0  0  ]
417523  [  -22  0  0  0  0  0  0  0  -15  0  0  0  0  0  0  0  ]
417524  [  -15  0  0  0  0  0  0  0  -18  0  0  0  0  0  0  0  ]
417525  [  -19  0  0  0  0  0  0  0  -20  0  0  0  0  0  0  0  ]
417526  [  -21  0  0  0  0  0  0  0  -23  0  0  0  0  0  0  0  ]
417527  [  -23  0  0  0  0  0  0  0  -24  0  0  0  0  0  0  0  ]
417528  [  -22  0  0  0  0  0  0  0  -21  0  0  0  0  0  0  0  ]
417529  [  -21  0  0  0  0  0  0  0  -19  0  0  0  0  0  0  0  ]
417530  [  -17  0  0  0  0  0  0  0  -15  0  0  0  0  0  0  0  ]
417531  [  -14  0  0  0  0  0  0  0  -18  0  0  0  0  0  0  0  ]
417532  [  -11  0  0  0  0  0  0  0  -16  0  0  0  0  0  0  0  ]
417533  [  -26  0  0  0  0  0  0  0  -33  0  0  0  0  0  0  0  ]
417534  [  -32  0  0  0  0  0  0  0  -30  0  0  0  0  0  0  0  ]
417535  [  -29  0  0  0  0  0  0  0  -28  0  0  0  0  0  0  0  ]
417536  [  -30  0  0  0  0  0  0  0  -33  0  0  0  0  0  0  0  ]
417537  [  -37  0  0  0  0  0  0  0  -32  0  0  0  0  0  0  0  ]
417538  [  -27  0  0  0  0  0  0  0  -18  0  0  0  0  0  0  0  ]
417539  [  -17  0  0  0  0  0  0  0  -15  0  0  0  0  0  0  0  ]
417540  [  -18  0  0  0  0  0  0  0  -16  0  0  0  0  0  0  0  ]
417541  [  -34  0  0  0  0  0  0  0  -48  0  0  0  0  0  0  0  ]
417542  [  -44  0  0  0  0  0  0  0  -38  0  0  0  0  0  0  0  ]
417543  [  -34  0  0  0  0  0  0  0  -30  0  0  0  0  0  0  0  ]
417544  [  -27  0  0  0  0  0  0  0  -32  0  0  0  0  0  0  0  ]
417545  [  -37  0  0  0  0  0  0  0  -42  0  0  0  0  0  0  0  ]
417546  [  -46  0  0  0  0  0  0  0  -45  0  0  0  0  0  0  0  ]
417547  [  -30  0  0  0  0  0  0  0  -22  0  0  0  0  0  0  0  ]
417548  [  -18  0  0  0  0  0  0  0  -24  0  0  0  0  0  0  0  ]
417549  [  -25  0  0  0  0  0  0  0  -44  0  0  0  0  0  0  0  ]
417550  [  -54  0  0  0  0  0  0  0  -45  0  0  0  0  0  0  0  ]
417551  [  -37  0  0  0  0  0  0  0  -29  0  0  0  0  0  0  0  ]
417552  [  -23  0  0  0  0  0  0  0  -23  0  0  0  0  0  0  0  ]
417553  [  -30  0  0  0  0  0  0  0  -34  0  0  0  0  0  0  0  ]
417554  [  -36  0  0  0  0  0  0  0  -42  0  0  0  0  0  0  0  ]
417555  [  -45  0  0  0  0  0  0  0  -37  0  0  0  0  0  0  0  ]
417556  [  -25  0  0  0  0  0  0  0  -19  0  0  0  0  0  0  0  ]
417557  [  -25  0  0  0  0  0  0  0  -25  0  0  0  0  0  0  0  ]
417558  [  -37  0  0  0  0  0  0  0  -45  0  0  0  0  0  0  0  ]
417559  [  -33  0  0  0  0  0  0  0  -20  0  0  0  0  0  0  0  ]
417560  [  -15  0  0  0  0  0  0  0  -9  0  0  0  0  0  0  0  ]
417561  [  -5  0  0  0  0  0  0  0  -12  0  0  0  0  0  0  0  ]
417562  [  -17  0  0  0  0  0  0  0  -21  0  0  0  0  0  0  0  ]
417563  [  -32  0  0  0  0  0  0  0  -38  0  0  0  0  0  0  0  ]
417564  [  -34  0  0  0  0  0  0  0  -27  0  0  0  0  0  0  0  ]
417565  [  -18  0  0  0  0  0  0  0  -26  0  0  0  0  0  0  0  ]
417566  [  -23  0  0  0  0  0  0  0  -30  0  0  0  0  0  0  0  ]
417567  [  -38  0  0  0  0  0  0  0  -25  0  0  0  0  0  0  0  ]
417568  [  -12  0  0  0  0  0  0  0  -6  0  0  0  0  0  0  0  ]
417569  [  2  0  0  0  0  0  0  0  7  0  0  0  0  0  0  0  ]
417570  [  -1  0  0  0  0  0  0  0  -6  0  0  0  0  0  0  0  ]
417571  [  -12  0  0  0  0  0  0  0  -24  0  0  0  0  0  0  0  ]
417572  [  -32  0  0  0  0  0  0  0  -29  0  0  0  0  0  0  0  ]
417573  [  -25  0  0  0  0  0  0  0  -17  0  0  0  0  0  0  0  ]
417574  [  -27  0  0  0  0  0  0  0  -21  0  0  0  0  0  0  0  ]
417575  [  -26  0  0  0  0  0  0  0  -31  0  0  0  0  0  0  0  ]
417576  [  -18  0  0  0  0  0  0  0  -5  0  0  0  0  0  0  0  ]
417577  [  3  0  0  0  0  0  0  0  17  0  0  0  0  0  0  0  ]
417578  [  24  0  0  0  0  0  0  0  11  0  0  0  0  0  0  0  ]
417579  [  3  0  0  0  0  0  0  0  -5  0  0  0  0  0  0  0  ]
417580  [  -18  0  0  0  0  0  0  0  -28  0  0  0  0  0  0  0  ]
417581  [  -26  0  0  0  0  0  0  0  -23  0  0  0  0  0  0  0  ]
417582  [  -20  0  0  0  0  0  0  0  -28  0  0  0  0  0  0  0  ]
417583  [  -22  0  0  0  0  0  0  0  -22  0  0  0  0  0  0  0  ]
417584  [  -28  0  0  0  0  0  0  0  -20  0  0  0  0  0  0  0  ]
417585  [  -7  0  0  0  0  0  0  0  -2  0  0  0  0  0  0  0  ]
417586  [  9  0  0  0  0  0  0  0  12  0  0  0  0  0  0  0  ]
417587  [  3  0  0  0  0  0  0  0  -4  0  0  0  0  0  0  0  ]
417588  [  -12  0  0  0  0  0  0  0  -21  0  0  0  0  0  0  0  ]
417589  [  -31  0  0  0  0  0  0  0  -28  0  0  0  0  0  0  0  ]
417590  [  -24  0  0  0  0  0  0  0  -19  0  0  0  0  0  0  0  ]
417591  [  -31  0  0  0  0  0  0  0  -25  0  0  0  0  0  0  0  ]
417592  [  -28  0  0  0  0  0  0  0  -36  0  0  0  0  0  0  0  ]
417593  [  -27  0  0  0  0  0  0  0  -15  0  0  0  0  0  0  0  ]
417594  [  -10  0  0  0  0  0  0  0  -3  0  0  0  0  0  0  0  ]
417595  [  -2  0  0  0  0  0  0  0  -7  0  0  0  0  0  0  0  ]
417596  [  -12  0  0  0  0  0  0  0  -18  0  0  0  0  0  0  0  ]
417597  [  -26  0  0  0  0  0  0  0  -38  0  0  0  0  0  0  0  ]
417598  [  -34  0  0  0  0  0  0  0  -25  0  0  0  0  0  0  0  ]
417599  [  -17  0  0  0  0  0  0  0  -32  0  0  0  0  0  0  0  ]
417600  [  -32  0  0  0  0  0  0  0  -36  0  0  0  0  0  0  0  ]
417601  [  -47  0  0  0  0  0  0  0  -37  0  0  0  0  0  0  0  ]
417602  [  -24  0  0  0  0  0  0  0  -19  0  0  0  0  0  0  0  ]
417603  [  -15  0  0  0  0  0  0  0  -12  0  0  0  0  0  0  0  ]
417604  [  -17  0  0  0  0  0  0  0  -22  0  0  0  0  0  0  0  ]
417605  [  -27  0  0  0  0  0  0  0  -34  0  0  0  0  0  0  0  ]
417606  [  -42  0  0  0  0  0  0  0  -38  0  0  0  0  0  0  0  ]
417607  [  -25  0  0  0  0  0  0  0  -15  0  0  0  0  0  0  0  ]
417608  [  -30  0  0  0  0  0  0  0  -32  0  0  0  0  0  0  0  ]
417609  [  -41  0  0  0  0  0  0  0  -54  0  0  0  0  0  0  0  ]
417610  [  -48  0  0  0  0  0  0  0  -35  0  0  0  0  0  0  0  ]
417611  [  -28  0  0  0  0  0  0  0  -26  0  0  0  0  0  0  0  ]
417612  [  -25  0  0  0  0  0  0  0  -29  0  0  0  0  0  0  0  ]
417613  [  -32  0  0  0  0  0  0  0  -37  0  0  0  0  0  0  0  ]
417614  [  -43  0  0  0  0  0  0  0  -41  0  0  0  0  0  0  0  ]
417615  [  -35  0  0  0  0  0  0  0  -23  0  0  0  0  0  0  0  ]
417616  [  -17  0  0  0  0  0  0  0  -28  0  0  0  0  0  0  0  ]
417617  [  -29  0  0  0  0  0  0  0  -39  0  0  0  0  0  0  0  ]
417618  [  -53  0  0  0  0  0  0  0  -52  0  0  0  0  0  0  0  ]
417619  [  -43  0  0  0  0  0  0  0  -36  0  0  0  0  0  0  0  ]
417620  [  -32  0  0  0  0  0  0  0  -32  0  0  0  0  0  0  0  ]
417621  [  -35  0  0  0  0  0  0  0  -37  0  0  0  0  0  0  0  ]
417622  [  -37  0  0  0  0  0  0  0  -37  0  0  0  0  0  0  0  ]
417623  [  -34  0  0  0  0  0  0  0  -29  0  0  0  0  0  0  0  ]
417624  [  -21  0  0  0  0  0  0  0  -19  0  0  0  0  0  0  0  ]
417625  [  -26  0  0  0  0  0  0  0  -26  0  0  0  0  0  0  0  ]
417626  [  -34  0  0  0  0  0  0  0  -46  0  0  0  0  0  0  0  ]
417627  [  -51  0  0  0  0  0  0  0  -47  0  0  0  0  0  0  0  ]
417628  [  -44  0  0  0  0  0  0  0  -41  0  0  0  0  0  0  0  ]
417629  [  -38  0  0  0  0  0  0  0  -41  0  0  0  0  0  0  0  ]
417630  [  -39  0  0  0  0  0  0  0  -34  0  0  0  0  0  0  0  ]
417631  [  -27  0  0  0  0  0  0  0  -25  0  0  0  0  0  0  0  ]
417632  [  -25  0  0  0  0  0  0  0  -22  0  0  0  0  0  0  0  ]
417633  [  -19  0  0  0  0  0  0  0  -21  0  0  0  0  0  0  0  ]
417634  [  -23  0  0  0  0  0  0  0  -22  0  0  0  0  0  0  0  ]
417635  [  -28  0  0  0  0  0  0  0  -35  0  0  0  0  0  0  0  ]
417636  [  -37  0  0  0  0  0  0  0  -38  0  0  0  0  0  0  0  ]
417637  [  -39  0  0  0  0  0  0  0  -37  0  0  0  0  0  0  0  ]
417638  [  -36  0  0  0  0  0  0  0  -33  0  0  0  0  0  0  0  ]
417639  [  -29  0  0  0  0  0  0  0  -26  0  0  0  0  0  0  0  ]
417640  [  -26  0  0  0  0  0  0  0  -26  0  0  0  0  0  0  0  ]
417641  [  -24  0  0  0  0  0  0  0  -24  0  0  0  0  0  0  0  ]
417642  [  -16  0  0  0  0  0  0  0  -15  0  0  0  0  0  0  0  ]
417643  [  -15  0  0  0  0  0  0  0  -17  0  0  0  0  0  0  0  ]
417644  [  -22  0  0  0  0  0  0  0  -24  0  0  0  0  0  0  0  ]
417645  [  -26  0  0  0  0  0  0  0  -28  0  0  0  0  0  0  0  ]
417646  [  -28  0  0  0  0  0  0  0  -27  0  0  0  0  0  0  0  ]
417647  [  -26  0  0  0  0  0  0  0  -26  0  0  0  0  0  0  0  ]
417648  [  -26  0  0  0  0  0  0  0  -25  0  0  0  0  0  0  0  ]
417649  [  -23  0  0  0  0  0  0  0  -21  0  0  0  0  0  0  0  ]
417650  [  -21  0  0  0  0  0  0  0  ]
