
===========   kresult_cls_score_start  ===================

417361  [  -24  0  0  0  0  0  0  0  -27  0  0  0  0  0  0  0  ]
417362  [  -31  0  0  0  0  0  0  0  -35  0  0  0  0  0  0  0  ]
417363  [  -37  0  0  0  0  0  0  0  -35  0  0  0  0  0  0  0  ]
417364  [  -34  0  0  0  0  0  0  0  -32  0  0  0  0  0  0  0  ]
417365  [  -32  0  0  0  0  0  0  0  -33  0  0  0  0  0  0  0  ]
417366  [  -31  0  0  0  0  0  0  0  -32  0  0  0  0  0  0  0  ]
417367  [  -31  0  0  0  0  0  0  0  -31  0  0  0  0  0  0  0  ]
417368  [  -29  0  0  0  0  0  0  0  -27  0  0  0  0  0  0  0  ]
417369  [  -27  0  0  0  0  0  0  0  -29  0  0  0  0  0  0  0  ]
417370  [  -29  0  0  0  0  0  0  0  -32  0  0  0  0  0  0  0  ]
417371  [  -37  0  0  0  0  0  0  0  -38  0  0  0  0  0  0  0  ]
417372  [  -37  0  0  0  0  0  0  0  -38  0  0  0  0  0  0  0  ]
417373  [  -37  0  0  0  0  0  0  0  -36  0  0  0  0  0  0  0  ]
417374  [  -36  0  0  0  0  0  0  0  -33  0  0  0  0  0  0  0  ]
417375  [  -33  0  0  0  0  0  0  0  -33  0  0  0  0  0  0  0  ]
417376  [  -32  0  0  0  0  0  0  0  -30  0  0  0  0  0  0  0  ]
417377  [  -30  0  0  0  0  0  0  0  -28  0  0  0  0  0  0  0  ]
417378  [  -28  0  0  0  0  0  0  0  -29  0  0  0  0  0  0  0  ]
417379  [  -33  0  0  0  0  0  0  0  -36  0  0  0  0  0  0  0  ]
417380  [  -35  0  0  0  0  0  0  0  -34  0  0  0  0  0  0  0  ]
417381  [  -36  0  0  0  0  0  0  0  -37  0  0  0  0  0  0  0  ]
417382  [  -36  0  0  0  0  0  0  0  -39  0  0  0  0  0  0  0  ]
417383  [  -35  0  0  0  0  0  0  0  -36  0  0  0  0  0  0  0  ]
417384  [  -34  0  0  0  0  0  0  0  -31  0  0  0  0  0  0  0  ]
417385  [  -29  0  0  0  0  0  0  0  -29  0  0  0  0  0  0  0  ]
417386  [  -28  0  0  0  0  0  0  0  -26  0  0  0  0  0  0  0  ]
417387  [  -29  0  0  0  0  0  0  0  -36  0  0  0  0  0  0  0  ]
417388  [  -36  0  0  0  0  0  0  0  -31  0  0  0  0  0  0  0  ]
417389  [  -32  0  0  0  0  0  0  0  -31  0  0  0  0  0  0  0  ]
417390  [  -28  0  0  0  0  0  0  0  -29  0  0  0  0  0  0  0  ]
417391  [  -28  0  0  0  0  0  0  0  -25  0  0  0  0  0  0  0  ]
417392  [  -26  0  0  0  0  0  0  0  -27  0  0  0  0  0  0  0  ]
417393  [  -28  0  0  0  0  0  0  0  -33  0  0  0  0  0  0  0  ]
417394  [  -32  0  0  0  0  0  0  0  -30  0  0  0  0  0  0  0  ]
417395  [  -27  0  0  0  0  0  0  0  -31  0  0  0  0  0  0  0  ]
417396  [  -36  0  0  0  0  0  0  0  -29  0  0  0  0  0  0  0  ]
417397  [  -22  0  0  0  0  0  0  0  -22  0  0  0  0  0  0  0  ]
417398  [  -22  0  0  0  0  0  0  0  -22  0  0  0  0  0  0  0  ]
417399  [  -25  0  0  0  0  0  0  0  -25  0  0  0  0  0  0  0  ]
417400  [  -24  0  0  0  0  0  0  0  -20  0  0  0  0  0  0  0  ]
417401  [  -19  0  0  0  0  0  0  0  -23  0  0  0  0  0  0  0  ]
417402  [  -34  0  0  0  0  0  0  0  -36  0  0  0  0  0  0  0  ]
417403  [  -34  0  0  0  0  0  0  0  -27  0  0  0  0  0  0  0  ]
417404  [  -30  0  0  0  0  0  0  0  -36  0  0  0  0  0  0  0  ]
417405  [  -21  0  0  0  0  0  0  0  -6  0  0  0  0  0  0  0  ]
417406  [  -5  0  0  0  0  0  0  0  -5  0  0  0  0  0  0  0  ]
417407  [  -2  0  0  0  0  0  0  0  -6  0  0  0  0  0  0  0  ]
417408  [  -6  0  0  0  0  0  0  0  -9  0  0  0  0  0  0  0  ]
417409  [  -8  0  0  0  0  0  0  0  -11  0  0  0  0  0  0  0  ]
417410  [  -20  0  0  0  0  0  0  0  -32  0  0  0  0  0  0  0  ]
417411  [  -36  0  0  0  0  0  0  0  -34  0  0  0  0  0  0  0  ]
417412  [  -31  0  0  0  0  0  0  0  -30  0  0  0  0  0  0  0  ]
417413  [  -39  0  0  0  0  0  0  0  -19  0  0  0  0  0  0  0  ]
417414  [  7  0  0  0  0  0  0  0  14  0  0  0  0  0  0  0  ]
417415  [  18  0  0  0  0  0  0  0  22  0  0  0  0  0  0  0  ]
417416  [  21  0  0  0  0  0  0  0  19  0  0  0  0  0  0  0  ]
417417  [  10  0  0  0  0  0  0  0  9  0  0  0  0  0  0  0  ]
417418  [  4  0  0  0  0  0  0  0  -14  0  0  0  0  0  0  0  ]
417419  [  -29  0  0  0  0  0  0  0  -35  0  0  0  0  0  0  0  ]
417420  [  -35  0  0  0  0  0  0  0  -34  0  0  0  0  0  0  0  ]
417421  [  -34  0  0  0  0  0  0  0  -37  0  0  0  0  0  0  0  ]
417422  [  -19  0  0  0  0  0  0  0  9  0  0  0  0  0  0  0  ]
417423  [  21  0  0  0  0  0  0  0  26  0  0  0  0  0  0  0  ]
417424  [  31  0  0  0  0  0  0  0  30  0  0  0  0  0  0  0  ]
417425  [  30  0  0  0  0  0  0  0  21  0  0  0  0  0  0  0  ]
417426  [  16  0  0  0  0  0  0  0  5  0  0  0  0  0  0  0  ]
417427  [  -15  0  0  0  0  0  0  0  -31  0  0  0  0  0  0  0  ]
417428  [  -35  0  0  0  0  0  0  0  -35  0  0  0  0  0  0  0  ]
417429  [  -34  0  0  0  0  0  0  0  -34  0  0  0  0  0  0  0  ]
417430  [  -38  0  0  0  0  0  0  0  -18  0  0  0  0  0  0  0  ]
417431  [  11  0  0  0  0  0  0  0  24  0  0  0  0  0  0  0  ]
417432  [  27  0  0  0  0  0  0  0  34  0  0  0  0  0  0  0  ]
417433  [  37  0  0  0  0  0  0  0  35  0  0  0  0  0  0  0  ]
417434  [  22  0  0  0  0  0  0  0  15  0  0  0  0  0  0  0  ]
417435  [  8  0  0  0  0  0  0  0  -14  0  0  0  0  0  0  0  ]
417436  [  -29  0  0  0  0  0  0  0  -33  0  0  0  0  0  0  0  ]
417437  [  -36  0  0  0  0  0  0  0  -38  0  0  0  0  0  0  0  ]
417438  [  -35  0  0  0  0  0  0  0  -35  0  0  0  0  0  0  0  ]
417439  [  -20  0  0  0  0  0  0  0  8  0  0  0  0  0  0  0  ]
417440  [  23  0  0  0  0  0  0  0  28  0  0  0  0  0  0  0  ]
417441  [  33  0  0  0  0  0  0  0  34  0  0  0  0  0  0  0  ]
417442  [  29  0  0  0  0  0  0  0  21  0  0  0  0  0  0  0  ]
417443  [  15  0  0  0  0  0  0  0  6  0  0  0  0  0  0  0  ]
417444  [  -13  0  0  0  0  0  0  0  -29  0  0  0  0  0  0  0  ]
417445  [  -36  0  0  0  0  0  0  0  -38  0  0  0  0  0  0  0  ]
417446  [  -43  0  0  0  0  0  0  0  -37  0  0  0  0  0  0  0  ]
417447  [  -34  0  0  0  0  0  0  0  -20  0  0  0  0  0  0  0  ]
417448  [  6  0  0  0  0  0  0  0  20  0  0  0  0  0  0  0  ]
417449  [  22  0  0  0  0  0  0  0  25  0  0  0  0  0  0  0  ]
417450  [  26  0  0  0  0  0  0  0  23  0  0  0  0  0  0  0  ]
417451  [  19  0  0  0  0  0  0  0  11  0  0  0  0  0  0  0  ]
417452  [  3  0  0  0  0  0  0  0  -11  0  0  0  0  0  0  0  ]
417453  [  -26  0  0  0  0  0  0  0  -33  0  0  0  0  0  0  0  ]
417454  [  -37  0  0  0  0  0  0  0  -44  0  0  0  0  0  0  0  ]
417455  [  -40  0  0  0  0  0  0  0  -31  0  0  0  0  0  0  0  ]
417456  [  -17  0  0  0  0  0  0  0  4  0  0  0  0  0  0  0  ]
417457  [  12  0  0  0  0  0  0  0  8  0  0  0  0  0  0  0  ]
417458  [  8  0  0  0  0  0  0  0  7  0  0  0  0  0  0  0  ]
417459  [  8  0  0  0  0  0  0  0  4  0  0  0  0  0  0  0  ]
417460  [  1  0  0  0  0  0  0  0  -1  0  0  0  0  0  0  0  ]
417461  [  -11  0  0  0  0  0  0  0  -26  0  0  0  0  0  0  0  ]
417462  [  -34  0  0  0  0  0  0  0  -34  0  0  0  0  0  0  0  ]
417463  [  -38  0  0  0  0  0  0  0  -39  0  0  0  0  0  0  0  ]
417464  [  -30  0  0  0  0  0  0  0  -18  0  0  0  0  0  0  0  ]
417465  [  -6  0  0  0  0  0  0  0  -8  0  0  0  0  0  0  0  ]
417466  [  -11  0  0  0  0  0  0  0  -11  0  0  0  0  0  0  0  ]
417467  [  -11  0  0  0  0  0  0  0  -11  0  0  0  0  0  0  0  ]
417468  [  -13  0  0  0  0  0  0  0  -12  0  0  0  0  0  0  0  ]
417469  [  -12  0  0  0  0  0  0  0  -16  0  0  0  0  0  0  0  ]
417470  [  -25  0  0  0  0  0  0  0  -29  0  0  0  0  0  0  0  ]
417471  [  -29  0  0  0  0  0  0  0  -32  0  0  0  0  0  0  0  ]
417472  [  -36  0  0  0  0  0  0  0  -34  0  0  0  0  0  0  0  ]
417473  [  -25  0  0  0  0  0  0  0  -20  0  0  0  0  0  0  0  ]
417474  [  -22  0  0  0  0  0  0  0  -22  0  0  0  0  0  0  0  ]
417475  [  -23  0  0  0  0  0  0  0  -24  0  0  0  0  0  0  0  ]
417476  [  -24  0  0  0  0  0  0  0  -23  0  0  0  0  0  0  0  ]
417477  [  -22  0  0  0  0  0  0  0  -20  0  0  0  0  0  0  0  ]
417478  [  -20  0  0  0  0  0  0  0  -25  0  0  0  0  0  0  0  ]
417479  [  -26  0  0  0  0  0  0  0  -26  0  0  0  0  0  0  0  ]
417480  [  -33  0  0  0  0  0  0  0  -35  0  0  0  0  0  0  0  ]
417481  [  -40  0  0  0  0  0  0  0  -40  0  0  0  0  0  0  0  ]
417482  [  -38  0  0  0  0  0  0  0  -40  0  0  0  0  0  0  0  ]
417483  [  -42  0  0  0  0  0  0  0  -43  0  0  0  0  0  0  0  ]
417484  [  -43  0  0  0  0  0  0  0  -39  0  0  0  0  0  0  0  ]
417485  [  -34  0  0  0  0  0  0  0  -29  0  0  0  0  0  0  0  ]
417486  [  -26  0  0  0  0  0  0  0  -25  0  0  0  0  0  0  0  ]
417487  [  -24  0  0  0  0  0  0  0  -22  0  0  0  0  0  0  0  ]
417488  [  -21  0  0  0  0  0  0  0  -28  0  0  0  0  0  0  0  ]
417489  [  -32  0  0  0  0  0  0  0  -37  0  0  0  0  0  0  0  ]
417490  [  -44  0  0  0  0  0  0  0  -45  0  0  0  0  0  0  0  ]
417491  [  -47  0  0  0  0  0  0  0  -50  0  0  0  0  0  0  0  ]
417492  [  -50  0  0  0  0  0  0  0  -46  0  0  0  0  0  0  0  ]
417493  [  -43  0  0  0  0  0  0  0  -38  0  0  0  0  0  0  0  ]
417494  [  -35  0  0  0  0  0  0  0  -31  0  0  0  0  0  0  0  ]
417495  [  -30  0  0  0  0  0  0  0  -28  0  0  0  0  0  0  0  ]
417496  [  -25  0  0  0  0  0  0  0  -25  0  0  0  0  0  0  0  ]
417497  [  -26  0  0  0  0  0  0  0  -30  0  0  0  0  0  0  0  ]
417498  [  -33  0  0  0  0  0  0  0  -39  0  0  0  0  0  0  0  ]
417499  [  -41  0  0  0  0  0  0  0  -43  0  0  0  0  0  0  0  ]
417500  [  -44  0  0  0  0  0  0  0  -45  0  0  0  0  0  0  0  ]
417501  [  -43  0  0  0  0  0  0  0  -40  0  0  0  0  0  0  0  ]
417502  [  -37  0  0  0  0  0  0  0  -35  0  0  0  0  0  0  0  ]
417503  [  -32  0  0  0  0  0  0  0  -31  0  0  0  0  0  0  0  ]
417504  [  -30  0  0  0  0  0  0  0  -28  0  0  0  0  0  0  0  ]
417505  [  -27  0  0  0  0  0  0  0  0  0  0  0  0  0  0  0  ]

===========   kresult_cls_score_end  ===================


===========   kresult_ctr_score_start  ===================

417506  [  -22  0  0  0  0  0  0  0  -16  0  0  0  0  0  0  0  ]
417507  [  -14  0  0  0  0  0  0  0  -13  0  0  0  0  0  0  0  ]
417508  [  -14  0  0  0  0  0  0  0  -15  0  0  0  0  0  0  0  ]
417509  [  -15  0  0  0  0  0  0  0  -17  0  0  0  0  0  0  0  ]
417510  [  -18  0  0  0  0  0  0  0  -18  0  0  0  0  0  0  0  ]
417511  [  -19  0  0  0  0  0  0  0  -16  0  0  0  0  0  0  0  ]
417512  [  -16  0  0  0  0  0  0  0  -16  0  0  0  0  0  0  0  ]
417513  [  -16  0  0  0  0  0  0  0  -17  0  0  0  0  0  0  0  ]
417514  [  -17  0  0  0  0  0  0  0  -23  0  0  0  0  0  0  0  ]
417515  [  -15  0  0  0  0  0  0  0  -13  0  0  0  0  0  0  0  ]
417516  [  -14  0  0  0  0  0  0  0  -15  0  0  0  0  0  0  0  ]
417517  [  -15  0  0  0  0  0  0  0  -15  0  0  0  0  0  0  0  ]
417518  [  -17  0  0  0  0  0  0  0  -18  0  0  0  0  0  0  0  ]
417519  [  -20  0  0  0  0  0  0  0  -19  0  0  0  0  0  0  0  ]
417520  [  -17  0  0  0  0  0  0  0  -18  0  0  0  0  0  0  0  ]
417521  [  -17  0  0  0  0  0  0  0  -16  0  0  0  0  0  0  0  ]
417522  [  -17  0  0  0  0  0  0  0  -16  0  0  0  0  0  0  0  ]
417523  [  -22  0  0  0  0  0  0  0  -15  0  0  0  0  0  0  0  ]
417524  [  -15  0  0  0  0  0  0  0  -18  0  0  0  0  0  0  0  ]
417525  [  -19  0  0  0  0  0  0  0  -20  0  0  0  0  0  0  0  ]
417526  [  -21  0  0  0  0  0  0  0  -23  0  0  0  0  0  0  0  ]
417527  [  -23  0  0  0  0  0  0  0  -24  0  0  0  0  0  0  0  ]
417528  [  -22  0  0  0  0  0  0  0  -21  0  0  0  0  0  0  0  ]
417529  [  -21  0  0  0  0  0  0  0  -19  0  0  0  0  0  0  0  ]
417530  [  -17  0  0  0  0  0  0  0  -15  0  0  0  0  0  0  0  ]
417531  [  -14  0  0  0  0  0  0  0  -18  0  0  0  0  0  0  0  ]
417532  [  -11  0  0  0  0  0  0  0  -16  0  0  0  0  0  0  0  ]
417533  [  -26  0  0  0  0  0  0  0  -33  0  0  0  0  0  0  0  ]
417534  [  -32  0  0  0  0  0  0  0  -30  0  0  0  0  0  0  0  ]
417535  [  -29  0  0  0  0  0  0  0  -28  0  0  0  0  0  0  0  ]
417536  [  -30  0  0  0  0  0  0  0  -33  0  0  0  0  0  0  0  ]
417537  [  -37  0  0  0  0  0  0  0  -32  0  0  0  0  0  0  0  ]
417538  [  -27  0  0  0  0  0  0  0  -18  0  0  0  0  0  0  0  ]
417539  [  -17  0  0  0  0  0  0  0  -15  0  0  0  0  0  0  0  ]
417540  [  -18  0  0  0  0  0  0  0  -16  0  0  0  0  0  0  0  ]
417541  [  -34  0  0  0  0  0  0  0  -48  0  0  0  0  0  0  0  ]
417542  [  -44  0  0  0  0  0  0  0  -38  0  0  0  0  0  0  0  ]
417543  [  -34  0  0  0  0  0  0  0  -30  0  0  0  0  0  0  0  ]
417544  [  -27  0  0  0  0  0  0  0  -32  0  0  0  0  0  0  0  ]
417545  [  -37  0  0  0  0  0  0  0  -42  0  0  0  0  0  0  0  ]
417546  [  -46  0  0  0  0  0  0  0  -45  0  0  0  0  0  0  0  ]
417547  [  -30  0  0  0  0  0  0  0  -22  0  0  0  0  0  0  0  ]
417548  [  -18  0  0  0  0  0  0  0  -24  0  0  0  0  0  0  0  ]
417549  [  -25  0  0  0  0  0  0  0  -44  0  0  0  0  0  0  0  ]
417550  [  -54  0  0  0  0  0  0  0  -45  0  0  0  0  0  0  0  ]
417551  [  -37  0  0  0  0  0  0  0  -29  0  0  0  0  0  0  0  ]
417552  [  -23  0  0  0  0  0  0  0  -23  0  0  0  0  0  0  0  ]
417553  [  -30  0  0  0  0  0  0  0  -34  0  0  0  0  0  0  0  ]
417554  [  -36  0  0  0  0  0  0  0  -42  0  0  0  0  0  0  0  ]
417555  [  -45  0  0  0  0  0  0  0  -37  0  0  0  0  0  0  0  ]
417556  [  -25  0  0  0  0  0  0  0  -19  0  0  0  0  0  0  0  ]
417557  [  -25  0  0  0  0  0  0  0  -25  0  0  0  0  0  0  0  ]
417558  [  -37  0  0  0  0  0  0  0  -45  0  0  0  0  0  0  0  ]
417559  [  -33  0  0  0  0  0  0  0  -20  0  0  0  0  0  0  0  ]
417560  [  -15  0  0  0  0  0  0  0  -9  0  0  0  0  0  0  0  ]
417561  [  -5  0  0  0  0  0  0  0  -12  0  0  0  0  0  0  0  ]
417562  [  -17  0  0  0  0  0  0  0  -21  0  0  0  0  0  0  0  ]
417563  [  -32  0  0  0  0  0  0  0  -38  0  0  0  0  0  0  0  ]
417564  [  -34  0  0  0  0  0  0  0  -27  0  0  0  0  0  0  0  ]
417565  [  -18  0  0  0  0  0  0  0  -26  0  0  0  0  0  0  0  ]
417566  [  -23  0  0  0  0  0  0  0  -30  0  0  0  0  0  0  0  ]
417567  [  -38  0  0  0  0  0  0  0  -25  0  0  0  0  0  0  0  ]
417568  [  -12  0  0  0  0  0  0  0  -6  0  0  0  0  0  0  0  ]
417569  [  2  0  0  0  0  0  0  0  7  0  0  0  0  0  0  0  ]
417570  [  -1  0  0  0  0  0  0  0  -6  0  0  0  0  0  0  0  ]
417571  [  -12  0  0  0  0  0  0  0  -24  0  0  0  0  0  0  0  ]
417572  [  -32  0  0  0  0  0  0  0  -29  0  0  0  0  0  0  0  ]
417573  [  -25  0  0  0  0  0  0  0  -17  0  0  0  0  0  0  0  ]
417574  [  -27  0  0  0  0  0  0  0  -21  0  0  0  0  0  0  0  ]
417575  [  -26  0  0  0  0  0  0  0  -31  0  0  0  0  0  0  0  ]
417576  [  -18  0  0  0  0  0  0  0  -5  0  0  0  0  0  0  0  ]
417577  [  3  0  0  0  0  0  0  0  17  0  0  0  0  0  0  0  ]
417578  [  24  0  0  0  0  0  0  0  11  0  0  0  0  0  0  0  ]
417579  [  3  0  0  0  0  0  0  0  -5  0  0  0  0  0  0  0  ]
417580  [  -18  0  0  0  0  0  0  0  -28  0  0  0  0  0  0  0  ]
417581  [  -26  0  0  0  0  0  0  0  -23  0  0  0  0  0  0  0  ]
417582  [  -20  0  0  0  0  0  0  0  -28  0  0  0  0  0  0  0  ]
417583  [  -22  0  0  0  0  0  0  0  -22  0  0  0  0  0  0  0  ]
417584  [  -28  0  0  0  0  0  0  0  -20  0  0  0  0  0  0  0  ]
417585  [  -7  0  0  0  0  0  0  0  -2  0  0  0  0  0  0  0  ]
417586  [  9  0  0  0  0  0  0  0  12  0  0  0  0  0  0  0  ]
417587  [  3  0  0  0  0  0  0  0  -4  0  0  0  0  0  0  0  ]
417588  [  -12  0  0  0  0  0  0  0  -21  0  0  0  0  0  0  0  ]
417589  [  -31  0  0  0  0  0  0  0  -28  0  0  0  0  0  0  0  ]
417590  [  -24  0  0  0  0  0  0  0  -19  0  0  0  0  0  0  0  ]
417591  [  -31  0  0  0  0  0  0  0  -25  0  0  0  0  0  0  0  ]
417592  [  -28  0  0  0  0  0  0  0  -36  0  0  0  0  0  0  0  ]
417593  [  -27  0  0  0  0  0  0  0  -15  0  0  0  0  0  0  0  ]
417594  [  -10  0  0  0  0  0  0  0  -3  0  0  0  0  0  0  0  ]
417595  [  -2  0  0  0  0  0  0  0  -7  0  0  0  0  0  0  0  ]
417596  [  -12  0  0  0  0  0  0  0  -18  0  0  0  0  0  0  0  ]
417597  [  -26  0  0  0  0  0  0  0  -38  0  0  0  0  0  0  0  ]
417598  [  -34  0  0  0  0  0  0  0  -25  0  0  0  0  0  0  0  ]
417599  [  -17  0  0  0  0  0  0  0  -32  0  0  0  0  0  0  0  ]
417600  [  -32  0  0  0  0  0  0  0  -36  0  0  0  0  0  0  0  ]
417601  [  -47  0  0  0  0  0  0  0  -37  0  0  0  0  0  0  0  ]
417602  [  -24  0  0  0  0  0  0  0  -19  0  0  0  0  0  0  0  ]
417603  [  -15  0  0  0  0  0  0  0  -12  0  0  0  0  0  0  0  ]
417604  [  -17  0  0  0  0  0  0  0  -22  0  0  0  0  0  0  0  ]
417605  [  -27  0  0  0  0  0  0  0  -34  0  0  0  0  0  0  0  ]
417606  [  -42  0  0  0  0  0  0  0  -38  0  0  0  0  0  0  0  ]
417607  [  -25  0  0  0  0  0  0  0  -15  0  0  0  0  0  0  0  ]
417608  [  -30  0  0  0  0  0  0  0  -32  0  0  0  0  0  0  0  ]
417609  [  -41  0  0  0  0  0  0  0  -54  0  0  0  0  0  0  0  ]
417610  [  -48  0  0  0  0  0  0  0  -35  0  0  0  0  0  0  0  ]
417611  [  -28  0  0  0  0  0  0  0  -26  0  0  0  0  0  0  0  ]
417612  [  -25  0  0  0  0  0  0  0  -29  0  0  0  0  0  0  0  ]
417613  [  -32  0  0  0  0  0  0  0  -37  0  0  0  0  0  0  0  ]
417614  [  -43  0  0  0  0  0  0  0  -41  0  0  0  0  0  0  0  ]
417615  [  -35  0  0  0  0  0  0  0  -23  0  0  0  0  0  0  0  ]
417616  [  -17  0  0  0  0  0  0  0  -28  0  0  0  0  0  0  0  ]
417617  [  -29  0  0  0  0  0  0  0  -39  0  0  0  0  0  0  0  ]
417618  [  -53  0  0  0  0  0  0  0  -52  0  0  0  0  0  0  0  ]
417619  [  -43  0  0  0  0  0  0  0  -36  0  0  0  0  0  0  0  ]
417620  [  -32  0  0  0  0  0  0  0  -32  0  0  0  0  0  0  0  ]
417621  [  -35  0  0  0  0  0  0  0  -37  0  0  0  0  0  0  0  ]
417622  [  -37  0  0  0  0  0  0  0  -37  0  0  0  0  0  0  0  ]
417623  [  -34  0  0  0  0  0  0  0  -29  0  0  0  0  0  0  0  ]
417624  [  -21  0  0  0  0  0  0  0  -19  0  0  0  0  0  0  0  ]
417625  [  -26  0  0  0  0  0  0  0  -26  0  0  0  0  0  0  0  ]
417626  [  -34  0  0  0  0  0  0  0  -46  0  0  0  0  0  0  0  ]
417627  [  -51  0  0  0  0  0  0  0  -47  0  0  0  0  0  0  0  ]
417628  [  -44  0  0  0  0  0  0  0  -41  0  0  0  0  0  0  0  ]
417629  [  -38  0  0  0  0  0  0  0  -41  0  0  0  0  0  0  0  ]
417630  [  -39  0  0  0  0  0  0  0  -34  0  0  0  0  0  0  0  ]
417631  [  -27  0  0  0  0  0  0  0  -25  0  0  0  0  0  0  0  ]
417632  [  -25  0  0  0  0  0  0  0  -22  0  0  0  0  0  0  0  ]
417633  [  -19  0  0  0  0  0  0  0  -21  0  0  0  0  0  0  0  ]
417634  [  -23  0  0  0  0  0  0  0  -22  0  0  0  0  0  0  0  ]
417635  [  -28  0  0  0  0  0  0  0  -35  0  0  0  0  0  0  0  ]
417636  [  -37  0  0  0  0  0  0  0  -38  0  0  0  0  0  0  0  ]
417637  [  -39  0  0  0  0  0  0  0  -37  0  0  0  0  0  0  0  ]
417638  [  -36  0  0  0  0  0  0  0  -33  0  0  0  0  0  0  0  ]
417639  [  -29  0  0  0  0  0  0  0  -26  0  0  0  0  0  0  0  ]
417640  [  -26  0  0  0  0  0  0  0  -26  0  0  0  0  0  0  0  ]
417641  [  -24  0  0  0  0  0  0  0  -24  0  0  0  0  0  0  0  ]
417642  [  -16  0  0  0  0  0  0  0  -15  0  0  0  0  0  0  0  ]
417643  [  -15  0  0  0  0  0  0  0  -17  0  0  0  0  0  0  0  ]
417644  [  -22  0  0  0  0  0  0  0  -24  0  0  0  0  0  0  0  ]
417645  [  -26  0  0  0  0  0  0  0  -28  0  0  0  0  0  0  0  ]
417646  [  -28  0  0  0  0  0  0  0  -27  0  0  0  0  0  0  0  ]
417647  [  -26  0  0  0  0  0  0  0  -26  0  0  0  0  0  0  0  ]
417648  [  -26  0  0  0  0  0  0  0  -25  0  0  0  0  0  0  0  ]
417649  [  -23  0  0  0  0  0  0  0  -21  0  0  0  0  0  0  0  ]
417650  [  -21  0  0  0  0  0  0  0  0  0  0  0  0  0  0  0  ]

===========   addr_dram_generator_.addr_data_start  ============


===========   addr_dram_generator_.interval_of_data: 32  ===========


===========   kresult_ctr_score_end  ===================


===========   kresult_offset_score_start  ===================

417651  [  -14  0  -10  1  4  2  0  0  -6  0  -9  1  1  2  -2  3  ]
417652  [  -4  0  -10  1  -1  3  0  0  -4  0  -10  1  -1  3  0  0  ]
417653  [  -3  0  -8  1  0  0  0  0  -3  0  -7  1  -1  2  0  0  ]
417654  [  -2  0  -5  1  -2  2  0  0  -2  0  -4  1  -3  2  -1  3  ]
417655  [  -2  0  -3  1  -2  2  -2  3  -2  0  -3  1  -3  2  -3  3  ]
417656  [  -2  0  -3  1  -3  2  -1  3  -2  0  -4  1  -4  2  -2  3  ]
417657  [  -2  0  -4  1  -3  2  -2  3  -2  0  -4  1  -3  2  -1  3  ]
417658  [  -2  0  -3  1  -4  2  -2  3  -2  0  -2  1  -3  2  -2  3  ]
417659  [  -1  0  -1  1  -4  2  -2  3  -16  0  -4  1  3  2  -2  3  ]
417660  [  -6  0  -7  1  1  2  -3  3  -5  0  -9  1  1  2  -2  3  ]
417661  [  -4  0  -8  1  1  2  -1  3  -2  0  -8  1  -1  3  0  0  ]
417662  [  -3  0  -5  1  -1  2  -1  3  -3  0  -6  1  -2  2  -1  3  ]
417663  [  -3  0  -3  1  -3  2  -1  3  -2  0  -1  1  -2  2  -1  3  ]
417664  [  -3  0  -1  1  -4  2  -2  3  -3  0  -1  1  -2  2  -2  3  ]
417665  [  -2  0  -1  1  -3  2  -2  3  -3  0  -1  1  -2  2  -2  3  ]
417666  [  -3  0  -1  1  -3  2  -2  3  -3  0  -3  2  -3  3  0  0  ]
417667  [  -2  0  -1  1  -4  2  -2  3  -1  0  -1  1  -4  2  -2  3  ]
417668  [  -19  0  -3  1  4  2  -5  3  -7  0  -6  1  2  2  -4  3  ]
417669  [  -7  0  -6  1  1  2  -2  3  -9  0  -10  1  1  2  2  3  ]
417670  [  -10  0  -13  1  1  2  3  3  -9  0  -14  1  4  3  0  0  ]
417671  [  -8  0  -14  1  -1  2  4  3  -6  0  -12  1  -1  2  4  3  ]
417672  [  -5  0  -9  1  -2  2  3  3  -3  0  -7  1  -3  2  2  3  ]
417673  [  -2  0  -3  1  -4  2  2  3  -1  0  -2  1  -3  2  1  3  ]
417674  [  -1  0  -1  1  -3  2  -1  3  -1  0  -4  2  -1  3  0  0  ]
417675  [  -3  0  -4  2  -4  3  0  0  -2  0  -4  2  -3  3  0  0  ]
417676  [  -1  0  1  1  -5  2  -3  3  -17  0  -1  1  4  2  -8  3  ]
417677  [  -8  0  -4  1  2  2  -6  3  -12  0  -9  1  3  2  0  0  ]
417678  [  -21  0  -19  1  2  2  4  3  -26  0  -31  1  4  2  5  3  ]
417679  [  -21  0  -37  1  3  2  6  3  -13  0  -41  1  6  3  0  0  ]
417680  [  -7  0  -37  1  5  3  0  0  -4  0  -32  1  -3  2  4  3  ]
417681  [  -2  0  -29  1  -6  2  4  3  -25  1  -11  2  5  3  0  0  ]
417682  [  1  0  -22  1  -14  2  4  3  2  0  -15  1  -15  2  4  3  ]
417683  [  2  0  -8  1  -15  2  3  3  1  0  -3  1  -10  2  1  3  ]
417684  [  -2  0  1  1  -4  2  -4  3  -2  0  1  1  -5  2  -4  3  ]
417685  [  -12  0  -2  1  3  2  -5  3  -10  0  -6  1  2  2  0  0  ]
417686  [  -22  0  -16  1  4  2  3  3  -37  0  -31  1  4  2  4  3  ]
417687  [  -37  0  -42  1  6  2  5  3  -18  0  -41  1  3  2  3  3  ]
417688  [  -9  0  -42  1  2  2  4  3  -6  0  -38  1  -1  2  3  3  ]
417689  [  -3  0  -42  1  -2  2  4  3  -39  1  -4  2  3  3  0  0  ]
417690  [  3  0  -41  1  -8  2  4  3  4  0  -37  1  -14  2  4  3  ]
417691  [  5  0  -30  1  -19  2  4  3  4  0  -22  1  -24  2  4  3  ]
417692  [  4  0  -12  1  -21  2  3  3  -10  2  -1  3  0  0  0  0  ]
417693  [  -3  0  2  1  -6  2  -5  3  -13  0  -5  1  2  2  -4  3  ]
417694  [  -16  0  -14  1  6  2  1  3  -33  0  -27  1  6  2  3  3  ]
417695  [  -45  0  -35  1  6  2  3  3  -40  0  -38  1  7  2  2  3  ]
417696  [  -19  0  -34  1  4  2  2  3  -9  0  -34  1  2  2  2  3  ]
417697  [  -6  0  -36  1  2  3  0  0  -2  0  -39  1  -2  2  1  3  ]
417698  [  -41  1  -5  2  2  3  0  0  1  0  -37  1  -8  2  2  3  ]
417699  [  3  0  -34  1  -15  2  2  3  4  0  -30  1  -23  2  2  3  ]
417700  [  5  0  -26  1  -31  2  3  3  6  0  -16  1  -28  2  3  3  ]
417701  [  3  0  -5  1  -12  2  -1  3  -4  0  2  1  -3  2  -5  3  ]
417702  [  -16  0  -5  1  3  2  -3  3  -21  0  -15  1  7  2  1  3  ]
417703  [  -35  0  -24  1  7  2  1  3  -48  0  -24  1  6  2  0  0  ]
417704  [  -40  0  -21  1  6  2  -1  3  -16  0  -23  1  4  2  -1  3  ]
417705  [  -9  0  -21  1  2  2  0  0  -5  0  -24  1  -1  3  0  0  ]
417706  [  -2  0  -22  1  -2  2  -1  3  -22  1  -5  2  -1  3  0  0  ]
417707  [  2  0  -22  1  -8  2  -1  3  4  0  -20  1  -14  2  0  0  ]
417708  [  4  0  -20  1  -24  2  0  0  5  0  -20  1  -33  2  0  0  ]
417709  [  7  0  -16  1  -31  2  0  0  6  0  -10  1  -14  2  -2  3  ]
417710  [  -4  0  -3  1  -3  2  -4  3  -21  0  -5  1  5  2  -4  3  ]
417711  [  -27  0  -15  1  8  2  -2  3  -39  0  -20  1  7  2  -3  3  ]
417712  [  -48  0  -16  1  5  2  -3  3  -36  0  -14  1  7  2  -3  3  ]
417713  [  -14  0  -14  1  4  2  -3  3  -9  0  -13  1  2  2  -3  3  ]
417714  [  -5  0  -15  1  -4  3  0  0  -2  0  -14  1  -2  2  -4  3  ]
417715  [  -13  1  -5  2  -3  3  0  0  2  0  -15  1  -9  2  -3  3  ]
417716  [  4  0  -13  1  -14  2  -2  3  5  0  -12  1  -24  2  -2  3  ]
417717  [  5  0  -11  1  -35  2  -2  3  7  0  -10  1  -31  2  -2  3  ]
417718  [  7  0  -9  1  -18  2  -3  3  -2  0  -5  1  -4  2  -6  3  ]
417719  [  -25  0  -1  1  5  2  -5  3  -29  0  -9  1  8  2  -5  3  ]
417720  [  -36  0  -12  1  7  2  -7  3  -48  0  -10  1  6  2  -6  3  ]
417721  [  -38  0  -8  1  7  2  -6  3  -16  0  -8  1  4  2  -7  3  ]
417722  [  -10  0  -8  1  2  2  -7  3  -5  0  -9  1  -7  3  0  0  ]
417723  [  -2  0  -8  1  -2  2  -7  3  -8  1  -5  2  -7  3  0  0  ]
417724  [  2  0  -8  1  -9  2  -6  3  4  0  -7  1  -14  2  -6  3  ]
417725  [  5  0  -7  1  -22  2  -5  3  6  0  -6  1  -36  2  -5  3  ]
417726  [  7  0  -6  1  -34  2  -5  3  7  0  -7  1  -20  2  -4  3  ]
417727  [  -6  1  -5  2  -5  3  0  0  -29  0  1  1  6  2  -8  3  ]
417728  [  -32  0  -5  1  8  2  -9  3  -34  0  -7  1  6  2  -10  3  ]
417729  [  -47  0  -6  1  6  2  -10  3  -37  0  -5  1  6  2  -10  3  ]
417730  [  -15  0  -5  1  5  2  -12  3  -10  0  -5  1  2  2  -12  3  ]
417731  [  -5  0  -5  1  -11  3  0  0  -2  0  -5  1  -2  2  -12  3  ]
417732  [  -4  1  -5  2  -11  3  0  0  2  0  -5  1  -9  2  -11  3  ]
417733  [  5  0  -4  1  -14  2  -10  3  5  0  -4  1  -22  2  -10  3  ]
417734  [  7  0  -2  1  -37  2  -9  3  8  0  -3  1  -34  2  -9  3  ]
417735  [  8  0  -5  1  -22  2  -5  3  -8  1  -5  2  1  3  0  0  ]
417736  [  -28  0  1  1  7  2  -14  3  -35  0  -2  1  8  2  -16  3  ]
417737  [  -34  0  -3  1  7  2  -18  3  -44  0  -2  1  7  2  -18  3  ]
417738  [  -37  0  -1  1  6  2  -18  3  -17  0  -1  1  5  2  -19  3  ]
417739  [  -10  0  -1  1  2  2  -18  3  -5  0  -2  1  -18  3  0  0  ]
417740  [  -2  0  -2  1  -2  2  -18  3  1  0  -2  1  -5  2  -17  3  ]
417741  [  3  0  -2  1  -8  2  -17  3  4  0  -1  1  -13  2  -16  3  ]
417742  [  5  0  -1  1  -23  2  -15  3  6  0  -38  2  -14  3  0  0  ]
417743  [  8  0  -35  2  -15  3  0  0  6  0  -2  1  -17  2  -6  3  ]
417744  [  -4  0  -10  1  -3  2  3  3  -24  0  2  1  6  2  -16  3  ]
417745  [  -33  0  9  2  -22  3  0  0  -37  0  1  1  7  2  -25  3  ]
417746  [  -44  0  2  1  6  2  -25  3  -38  0  1  1  5  2  -29  3  ]
417747  [  -18  0  1  1  4  2  -31  3  -11  0  1  1  2  2  -33  3  ]
417748  [  -6  0  1  1  -33  3  0  0  -2  0  1  1  -2  2  -32  3  ]
417749  [  1  0  2  1  -5  2  -30  3  3  0  1  1  -7  2  -25  3  ]
417750  [  5  0  2  1  -13  2  -25  3  5  0  2  1  -27  2  -27  3  ]
417751  [  7  0  3  1  -39  2  -28  3  8  0  3  1  -29  2  -23  3  ]
417752  [  5  0  -13  2  -8  3  0  0  -4  0  -7  1  -3  2  0  0  ]
417753  [  -13  0  3  1  4  2  -13  3  -24  0  3  1  8  2  -24  3  ]
417754  [  -33  0  3  1  7  2  -31  3  -39  0  4  1  6  2  -36  3  ]
417755  [  -35  0  4  1  4  2  -42  3  -16  0  4  1  3  2  -43  3  ]
417756  [  -10  0  5  1  1  2  -44  3  -6  0  5  1  -44  3  0  0  ]
417757  [  -2  0  5  1  -3  2  -43  3  1  0  5  1  -5  2  -43  3  ]
417758  [  3  0  5  1  -9  2  -42  3  4  0  5  1  -18  2  -45  3  ]
417759  [  5  0  4  1  -32  2  -43  3  7  0  5  1  -33  2  -34  3  ]
417760  [  7  0  4  1  -18  2  -18  3  -2  0  -2  1  -6  2  -3  3  ]
417761  [  -6  0  -4  1  -3  2  1  3  -4  0  -10  3  0  0  0  0  ]
417762  [  -10  0  4  1  5  2  -16  3  -23  0  6  1  7  2  -25  3  ]
417763  [  -29  0  6  1  6  2  -35  3  -30  0  6  1  4  2  -43  3  ]
417764  [  -18  0  6  1  3  2  -45  3  -10  0  6  1  1  2  -44  3  ]
417765  [  -6  0  7  1  -1  2  -44  3  -2  0  6  1  -3  2  -45  3  ]
417766  [  6  1  -6  2  -46  3  0  0  3  0  6  1  -13  2  -46  3  ]
417767  [  4  0  7  1  -20  2  -42  3  5  0  6  1  -23  2  -30  3  ]
417768  [  4  0  4  1  -15  2  -17  3  -3  0  -1  1  -4  2  -7  3  ]
417769  [  -5  0  -2  1  -2  2  -2  3  -5  0  -3  1  -2  2  -1  3  ]
417770  [  -2  1  -5  2  -9  3  0  0  -2  1  -5  2  -10  3  0  0  ]
417771  [  -10  0  4  1  4  2  -15  3  -16  0  7  1  6  2  -23  3  ]
417772  [  -21  0  8  1  3  2  -30  3  -18  0  8  1  1  2  -36  3  ]
417773  [  -11  0  8  1  -1  2  -35  3  -6  0  7  1  -3  2  -32  3  ]
417774  [  -3  0  8  1  -5  2  -32  3  -1  0  7  1  -6  2  -30  3  ]
417775  [  2  0  7  1  -9  2  -29  3  2  0  5  1  -9  2  -21  3  ]
417776  [  1  0  2  1  -6  2  -14  3  -5  0  -1  1  -3  2  -9  3  ]
417777  [  -7  0  -1  1  -1  2  -7  3  -6  0  -1  1  -1  2  -4  3  ]
417778  [  -5  0  -2  1  -2  2  -3  3  -3  1  -4  2  -11  3  0  0  ]
417779  [  -3  1  -4  2  -11  3  0  0  -2  0  -2  1  -2  2  -13  3  ]
417780  [  -3  0  -1  2  -13  3  0  0  -7  0  4  1  1  2  -15  3  ]
417781  [  -12  0  6  1  1  2  -19  3  -9  0  6  1  -1  2  -22  3  ]
417782  [  -5  0  6  1  -3  2  -23  3  -3  0  5  1  -4  2  -21  3  ]
417783  [  -3  0  4  1  -4  2  -17  3  -4  0  1  1  -2  2  -14  3  ]
417784  [  -5  0  -2  2  -12  3  0  0  -5  0  -1  1  -2  2  -11  3  ]
417785  [  -5  0  -2  2  -10  3  0  0  -7  0  -1  1  -1  2  -10  3  ]
417786  [  -5  0  -1  1  -1  2  -7  3  -4  0  -1  1  -2  2  -8  3  ]
417787  [  -1  0  -3  1  -4  2  -8  3  -1  0  -2  1  -4  2  -10  3  ]
417788  [  -1  0  -2  1  -2  2  -9  3  -2  0  -2  1  -2  2  -9  3  ]
417789  [  -2  0  -1  1  -2  2  -9  3  -4  0  2  1  -11  3  0  0  ]
417790  [  -4  0  2  1  -1  2  -12  3  -3  0  3  1  -2  2  -13  3  ]
417791  [  -2  0  2  1  -3  2  -11  3  -2  0  1  1  -3  2  -9  3  ]
417792  [  -4  0  -2  2  -7  3  0  0  -5  0  -2  2  -7  3  0  0  ]
417793  [  -5  0  -2  2  -8  3  0  0  -4  0  -1  2  -8  3  0  0  ]
417794  [  -5  0  -2  2  -7  3  0  0  -6  0  1  1  -1  2  -8  3  ]
417795  [  -4  0  1  1  -2  2  -7  3  0  0  0  0  0  0  0  0  ]

===========   kresult_offset_score_end  ===================