417651  [  -14  0  -10  1  4  2  0  0  -6  0  -9  1  1  2  -2  3  ]
417652  [  -4  0  -10  1  -1  3  0  0  -4  0  -10  1  -1  3  0  0  ]
417653  [  -3  0  -8  1  0  0  0  0  -3  0  -7  1  -1  2  0  0  ]
417654  [  -2  0  -5  1  -2  2  0  0  -2  0  -4  1  -3  2  -1  3  ]
417655  [  -2  0  -3  1  -2  2  -2  3  -2  0  -3  1  -3  2  -3  3  ]
417656  [  -2  0  -3  1  -3  2  -1  3  -2  0  -4  1  -4  2  -2  3  ]
417657  [  -2  0  -4  1  -3  2  -2  3  -2  0  -4  1  -3  2  -1  3  ]
417658  [  -2  0  -3  1  -4  2  -2  3  -2  0  -2  1  -3  2  -2  3  ]
417659  [  -1  0  -1  1  -4  2  -2  3  -16  0  -4  1  3  2  -2  3  ]
417660  [  -6  0  -7  1  1  2  -3  3  -5  0  -9  1  1  2  -2  3  ]
417661  [  -4  0  -8  1  1  2  -1  3  -2  0  -8  1  -1  3  0  0  ]
417662  [  -3  0  -5  1  -1  2  -1  3  -3  0  -6  1  -2  2  -1  3  ]
417663  [  -3  0  -3  1  -3  2  -1  3  -2  0  -1  1  -2  2  -1  3  ]
417664  [  -3  0  -1  1  -4  2  -2  3  -3  0  -1  1  -2  2  -2  3  ]
417665  [  -2  0  -1  1  -3  2  -2  3  -3  0  -1  1  -2  2  -2  3  ]
417666  [  -3  0  -1  1  -3  2  -2  3  -3  0  -3  2  -3  3  0  0  ]
417667  [  -2  0  -1  1  -4  2  -2  3  -1  0  -1  1  -4  2  -2  3  ]
417668  [  -19  0  -3  1  4  2  -5  3  -7  0  -6  1  2  2  -4  3  ]
417669  [  -7  0  -6  1  1  2  -2  3  -9  0  -10  1  1  2  2  3  ]
417670  [  -10  0  -13  1  1  2  3  3  -9  0  -14  1  4  3  0  0  ]
417671  [  -8  0  -14  1  -1  2  4  3  -6  0  -12  1  -1  2  4  3  ]
417672  [  -5  0  -9  1  -2  2  3  3  -3  0  -7  1  -3  2  2  3  ]
417673  [  -2  0  -3  1  -4  2  2  3  -1  0  -2  1  -3  2  1  3  ]
417674  [  -1  0  -1  1  -3  2  -1  3  -1  0  -4  2  -1  3  0  0  ]
417675  [  -3  0  -4  2  -4  3  0  0  -2  0  -4  2  -3  3  0  0  ]
417676  [  -1  0  1  1  -5  2  -3  3  -17  0  -1  1  4  2  -8  3  ]
417677  [  -8  0  -4  1  2  2  -6  3  -12  0  -9  1  3  2  0  0  ]
417678  [  -21  0  -19  1  2  2  4  3  -26  0  -31  1  4  2  5  3  ]
417679  [  -21  0  -37  1  3  2  6  3  -13  0  -41  1  6  3  0  0  ]
417680  [  -7  0  -37  1  5  3  0  0  -4  0  -32  1  -3  2  4  3  ]
417681  [  -2  0  -29  1  -6  2  4  3  -25  1  -11  2  5  3  0  0  ]
417682  [  1  0  -22  1  -14  2  4  3  2  0  -15  1  -15  2  4  3  ]
417683  [  2  0  -8  1  -15  2  3  3  1  0  -3  1  -10  2  1  3  ]
417684  [  -2  0  1  1  -4  2  -4  3  -2  0  1  1  -5  2  -4  3  ]
417685  [  -12  0  -2  1  3  2  -5  3  -10  0  -6  1  2  2  0  0  ]
417686  [  -22  0  -16  1  4  2  3  3  -37  0  -31  1  4  2  4  3  ]
417687  [  -37  0  -42  1  6  2  5  3  -18  0  -41  1  3  2  3  3  ]
417688  [  -9  0  -42  1  2  2  4  3  -6  0  -38  1  -1  2  3  3  ]
417689  [  -3  0  -42  1  -2  2  4  3  -39  1  -4  2  3  3  0  0  ]
417690  [  3  0  -41  1  -8  2  4  3  4  0  -37  1  -14  2  4  3  ]
417691  [  5  0  -30  1  -19  2  4  3  4  0  -22  1  -24  2  4  3  ]
417692  [  4  0  -12  1  -21  2  3  3  -10  2  -1  3  0  0  0  0  ]
417693  [  -3  0  2  1  -6  2  -5  3  -13  0  -5  1  2  2  -4  3  ]
417694  [  -16  0  -14  1  6  2  1  3  -33  0  -27  1  6  2  3  3  ]
417695  [  -45  0  -35  1  6  2  3  3  -40  0  -38  1  7  2  2  3  ]
417696  [  -19  0  -34  1  4  2  2  3  -9  0  -34  1  2  2  2  3  ]
417697  [  -6  0  -36  1  2  3  0  0  -2  0  -39  1  -2  2  1  3  ]
417698  [  -41  1  -5  2  2  3  0  0  1  0  -37  1  -8  2  2  3  ]
417699  [  3  0  -34  1  -15  2  2  3  4  0  -30  1  -23  2  2  3  ]
417700  [  5  0  -26  1  -31  2  3  3  6  0  -16  1  -28  2  3  3  ]
417701  [  3  0  -5  1  -12  2  -1  3  -4  0  2  1  -3  2  -5  3  ]
417702  [  -16  0  -5  1  3  2  -3  3  -21  0  -15  1  7  2  1  3  ]
417703  [  -35  0  -24  1  7  2  1  3  -48  0  -24  1  6  2  0  0  ]
417704  [  -40  0  -21  1  6  2  -1  3  -16  0  -23  1  4  2  -1  3  ]
417705  [  -9  0  -21  1  2  2  0  0  -5  0  -24  1  -1  3  0  0  ]
417706  [  -2  0  -22  1  -2  2  -1  3  -22  1  -5  2  -1  3  0  0  ]
417707  [  2  0  -22  1  -8  2  -1  3  4  0  -20  1  -14  2  0  0  ]
417708  [  4  0  -20  1  -24  2  0  0  5  0  -20  1  -33  2  0  0  ]
417709  [  7  0  -16  1  -31  2  0  0  6  0  -10  1  -14  2  -2  3  ]
417710  [  -4  0  -3  1  -3  2  -4  3  -21  0  -5  1  5  2  -4  3  ]
417711  [  -27  0  -15  1  8  2  -2  3  -39  0  -20  1  7  2  -3  3  ]
417712  [  -48  0  -16  1  5  2  -3  3  -36  0  -14  1  7  2  -3  3  ]
417713  [  -14  0  -14  1  4  2  -3  3  -9  0  -13  1  2  2  -3  3  ]
417714  [  -5  0  -15  1  -4  3  0  0  -2  0  -14  1  -2  2  -4  3  ]
417715  [  -13  1  -5  2  -3  3  0  0  2  0  -15  1  -9  2  -3  3  ]
417716  [  4  0  -13  1  -14  2  -2  3  5  0  -12  1  -24  2  -2  3  ]
417717  [  5  0  -11  1  -35  2  -2  3  7  0  -10  1  -31  2  -2  3  ]
417718  [  7  0  -9  1  -18  2  -3  3  -2  0  -5  1  -4  2  -6  3  ]
417719  [  -25  0  -1  1  5  2  -5  3  -29  0  -9  1  8  2  -5  3  ]
417720  [  -36  0  -12  1  7  2  -7  3  -48  0  -10  1  6  2  -6  3  ]
417721  [  -38  0  -8  1  7  2  -6  3  -16  0  -8  1  4  2  -7  3  ]
417722  [  -10  0  -8  1  2  2  -7  3  -5  0  -9  1  -7  3  0  0  ]
417723  [  -2  0  -8  1  -2  2  -7  3  -8  1  -5  2  -7  3  0  0  ]
417724  [  2  0  -8  1  -9  2  -6  3  4  0  -7  1  -14  2  -6  3  ]
417725  [  5  0  -7  1  -22  2  -5  3  6  0  -6  1  -36  2  -5  3  ]
417726  [  7  0  -6  1  -34  2  -5  3  7  0  -7  1  -20  2  -4  3  ]
417727  [  -6  1  -5  2  -5  3  0  0  -29  0  1  1  6  2  -8  3  ]
417728  [  -32  0  -5  1  8  2  -9  3  -34  0  -7  1  6  2  -10  3  ]
417729  [  -47  0  -6  1  6  2  -10  3  -37  0  -5  1  6  2  -10  3  ]
417730  [  -15  0  -5  1  5  2  -12  3  -10  0  -5  1  2  2  -12  3  ]
417731  [  -5  0  -5  1  -11  3  0  0  -2  0  -5  1  -2  2  -12  3  ]
417732  [  -4  1  -5  2  -11  3  0  0  2  0  -5  1  -9  2  -11  3  ]
417733  [  5  0  -4  1  -14  2  -10  3  5  0  -4  1  -22  2  -10  3  ]
417734  [  7  0  -2  1  -37  2  -9  3  8  0  -3  1  -34  2  -9  3  ]
417735  [  8  0  -5  1  -22  2  -5  3  -8  1  -5  2  1  3  0  0  ]
417736  [  -28  0  1  1  7  2  -14  3  -35  0  -2  1  8  2  -16  3  ]
417737  [  -34  0  -3  1  7  2  -18  3  -44  0  -2  1  7  2  -18  3  ]
417738  [  -37  0  -1  1  6  2  -18  3  -17  0  -1  1  5  2  -19  3  ]
417739  [  -10  0  -1  1  2  2  -18  3  -5  0  -2  1  -18  3  0  0  ]
417740  [  -2  0  -2  1  -2  2  -18  3  1  0  -2  1  -5  2  -17  3  ]
417741  [  3  0  -2  1  -8  2  -17  3  4  0  -1  1  -13  2  -16  3  ]
417742  [  5  0  -1  1  -23  2  -15  3  6  0  -38  2  -14  3  0  0  ]
417743  [  8  0  -35  2  -15  3  0  0  6  0  -2  1  -17  2  -6  3  ]
417744  [  -4  0  -10  1  -3  2  3  3  -24  0  2  1  6  2  -16  3  ]
417745  [  -33  0  9  2  -22  3  0  0  -37  0  1  1  7  2  -25  3  ]
417746  [  -44  0  2  1  6  2  -25  3  -38  0  1  1  5  2  -29  3  ]
417747  [  -18  0  1  1  4  2  -31  3  -11  0  1  1  2  2  -33  3  ]
417748  [  -6  0  1  1  -33  3  0  0  -2  0  1  1  -2  2  -32  3  ]
417749  [  1  0  2  1  -5  2  -30  3  3  0  1  1  -7  2  -25  3  ]
417750  [  5  0  2  1  -13  2  -25  3  5  0  2  1  -27  2  -27  3  ]
417751  [  7  0  3  1  -39  2  -28  3  8  0  3  1  -29  2  -23  3  ]
417752  [  5  0  -13  2  -8  3  0  0  -4  0  -7  1  -3  2  0  0  ]
417753  [  -13  0  3  1  4  2  -13  3  -24  0  3  1  8  2  -24  3  ]
417754  [  -33  0  3  1  7  2  -31  3  -39  0  4  1  6  2  -36  3  ]
417755  [  -35  0  4  1  4  2  -42  3  -16  0  4  1  3  2  -43  3  ]
417756  [  -10  0  5  1  1  2  -44  3  -6  0  5  1  -44  3  0  0  ]
417757  [  -2  0  5  1  -3  2  -43  3  1  0  5  1  -5  2  -43  3  ]
417758  [  3  0  5  1  -9  2  -42  3  4  0  5  1  -18  2  -45  3  ]
417759  [  5  0  4  1  -32  2  -43  3  7  0  5  1  -33  2  -34  3  ]
417760  [  7  0  4  1  -18  2  -18  3  -2  0  -2  1  -6  2  -3  3  ]
417761  [  -6  0  -4  1  -3  2  1  3  -4  0  -10  3  0  0  0  0  ]
417762  [  -10  0  4  1  5  2  -16  3  -23  0  6  1  7  2  -25  3  ]
417763  [  -29  0  6  1  6  2  -35  3  -30  0  6  1  4  2  -43  3  ]
417764  [  -18  0  6  1  3  2  -45  3  -10  0  6  1  1  2  -44  3  ]
417765  [  -6  0  7  1  -1  2  -44  3  -2  0  6  1  -3  2  -45  3  ]
417766  [  6  1  -6  2  -46  3  0  0  3  0  6  1  -13  2  -46  3  ]
417767  [  4  0  7  1  -20  2  -42  3  5  0  6  1  -23  2  -30  3  ]
417768  [  4  0  4  1  -15  2  -17  3  -3  0  -1  1  -4  2  -7  3  ]
417769  [  -5  0  -2  1  -2  2  -2  3  -5  0  -3  1  -2  2  -1  3  ]
417770  [  -2  1  -5  2  -9  3  0  0  -2  1  -5  2  -10  3  0  0  ]
417771  [  -10  0  4  1  4  2  -15  3  -16  0  7  1  6  2  -23  3  ]
417772  [  -21  0  8  1  3  2  -30  3  -18  0  8  1  1  2  -36  3  ]
417773  [  -11  0  8  1  -1  2  -35  3  -6  0  7  1  -3  2  -32  3  ]
417774  [  -3  0  8  1  -5  2  -32  3  -1  0  7  1  -6  2  -30  3  ]
417775  [  2  0  7  1  -9  2  -29  3  2  0  5  1  -9  2  -21  3  ]
417776  [  1  0  2  1  -6  2  -14  3  -5  0  -1  1  -3  2  -9  3  ]
417777  [  -7  0  -1  1  -1  2  -7  3  -6  0  -1  1  -1  2  -4  3  ]
417778  [  -5  0  -2  1  -2  2  -3  3  -3  1  -4  2  -11  3  0  0  ]
417779  [  -3  1  -4  2  -11  3  0  0  -2  0  -2  1  -2  2  -13  3  ]
417780  [  -3  0  -1  2  -13  3  0  0  -7  0  4  1  1  2  -15  3  ]
417781  [  -12  0  6  1  1  2  -19  3  -9  0  6  1  -1  2  -22  3  ]
417782  [  -5  0  6  1  -3  2  -23  3  -3  0  5  1  -4  2  -21  3  ]
417783  [  -3  0  4  1  -4  2  -17  3  -4  0  1  1  -2  2  -14  3  ]
417784  [  -5  0  -2  2  -12  3  0  0  -5  0  -1  1  -2  2  -11  3  ]
417785  [  -5  0  -2  2  -10  3  0  0  -7  0  -1  1  -1  2  -10  3  ]
417786  [  -5  0  -1  1  -1  2  -7  3  -4  0  -1  1  -2  2  -8  3  ]
417787  [  -1  0  -3  1  -4  2  -8  3  -1  0  -2  1  -4  2  -10  3  ]
417788  [  -1  0  -2  1  -2  2  -9  3  -2  0  -2  1  -2  2  -9  3  ]
417789  [  -2  0  -1  1  -2  2  -9  3  -4  0  2  1  -11  3  0  0  ]
417790  [  -4  0  2  1  -1  2  -12  3  -3  0  3  1  -2  2  -13  3  ]
417791  [  -2  0  2  1  -3  2  -11  3  -2  0  1  1  -3  2  -9  3  ]
417792  [  -4  0  -2  2  -7  3  0  0  -5  0  -2  2  -7  3  0  0  ]
417793  [  -5  0  -2  2  -8  3  0  0  -4  0  -1  2  -8  3  0  0  ]
417794  [  -5  0  -2  2  -7  3  0  0  -6  0  1  1  -1  2  -8  3  ]
417795  [  -4  0  1  1  -2  2  -7  3  ]
